4.0
4.0
3.0
3.0
2.6666666666666665
2.25
2.0
2.0
2.0
2.0
2.0
1.875
1.7777777777777777
1.7777777777777777
1.8
1.8
1.8181818181818181
1.75
1.6923076923076923
1.6923076923076923
1.7142857142857142
1.6666666666666667
1.625
1.588235294117647
1.5555555555555556
1.5555555555555556
1.5789473684210527
1.5789473684210527
1.6
1.5714285714285714
1.5454545454545454
1.5217391304347827
1.5
1.5
1.52
1.5
1.4814814814814814
1.4814814814814814
1.5
1.5
1.5172413793103448
1.5
1.4838709677419355
1.4838709677419355
1.5
1.4848484848484849
1.4705882352941178
1.457142857142857
1.4444444444444444
1.4444444444444444
1.4594594594594594
1.4473684210526316
1.435897435897436
1.425
1.4146341463414633
1.4146341463414633
1.4285714285714286
1.4285714285714286
1.441860465116279
1.4318181818181819
1.4222222222222223
1.4130434782608696
1.4042553191489362
1.4042553191489362
1.4166666666666667
1.4081632653061225
1.4
1.4
1.411764705882353
1.411764705882353
1.4230769230769231
1.4150943396226414
1.4074074074074074
1.4
1.3928571428571428
1.3928571428571428
1.4035087719298245
1.396551724137931
1.3898305084745763
1.3898305084745763
1.4
1.3934426229508197
1.3870967741935485
1.380952380952381
1.375
1.375
1.3846153846153846
1.378787878787879
1.373134328358209
1.3676470588235294
1.3623188405797102
1.3571428571428572
1.352112676056338
1.352112676056338
1.3611111111111112
1.356164383561644
1.3513513513513513
1.3513513513513513
1.36
1.36
1.368421052631579
1.3636363636363635
1.358974358974359
1.358974358974359
1.3670886075949367
1.3670886075949367
1.375
1.3703703703703705
1.3658536585365855
1.3658536585365855
1.3734939759036144
1.369047619047619
1.3647058823529412
1.3604651162790697
1.3563218390804597
1.3522727272727273
1.348314606741573
1.3444444444444446
1.3406593406593406
1.3369565217391304
1.3333333333333333
1.3297872340425532
1.3263157894736841
1.3263157894736841
1.3333333333333333
1.3298969072164948
1.3265306122448979
1.3265306122448979
1.3333333333333333
1.33
1.3267326732673268
1.3235294117647058
1.3203883495145632
1.3203883495145632
1.3269230769230769
1.3269230769230769
1.3333333333333333
1.330188679245283
1.3271028037383177
1.3240740740740742
1.3211009174311927
1.3181818181818181
1.3153153153153154
1.3125
1.3097345132743363
1.3097345132743363
1.3157894736842106
1.3157894736842106
1.3217391304347825
1.3189655172413792
1.3162393162393162
1.3135593220338984
1.3109243697478992
1.3109243697478992
1.3166666666666667
1.3140495867768596
1.3114754098360655
1.3089430894308942
1.3064516129032258
1.3064516129032258
1.312
1.3095238095238095
1.3070866141732282
1.3070866141732282
1.3125
1.310077519379845
1.3076923076923077
1.3053435114503817
1.303030303030303
1.303030303030303
1.3082706766917294
1.3059701492537314
1.3037037037037038
1.3014705882352942
1.2992700729927007
1.2992700729927007
1.3043478260869565
1.3043478260869565
1.3093525179856116
1.3071428571428572
1.3049645390070923
1.3028169014084507
1.3006993006993006
1.2986111111111112
1.296551724137931
1.2945205479452055
1.2925170068027212
1.2925170068027212
1.2972972972972974
1.2972972972972974
1.3020134228187918
1.3
1.2980132450331126
1.2980132450331126
1.3026315789473684
1.3026315789473684
1.3071895424836601
1.3051948051948052
1.303225806451613
1.3012820512820513
1.2993630573248407
1.2974683544303798
1.2955974842767295
1.29375
1.2919254658385093
1.2901234567901234
1.2883435582822085
1.2883435582822085
1.2926829268292683
1.290909090909091
1.2891566265060241
1.2874251497005988
1.2857142857142858
1.2840236686390532
1.2823529411764707
1.280701754385965
1.2790697674418605
1.277456647398844
1.2758620689655173
1.2758620689655173
1.28
1.2784090909090908
1.2768361581920904
1.2768361581920904
1.2808988764044944
1.2808988764044944
1.2849162011173185
1.2833333333333334
1.281767955801105
1.281767955801105
1.2857142857142858
1.284153005464481
1.2826086956521738
1.281081081081081
1.2795698924731183
1.2795698924731183
1.2834224598930482
1.2834224598930482
1.2872340425531914
1.2857142857142858
1.2842105263157895
1.2827225130890052
1.28125
1.2797927461139897
1.2783505154639174
1.2769230769230768
1.2755102040816326
1.2755102040816326
1.2791878172588833
1.2777777777777777
1.2763819095477387
1.275
1.2736318407960199
1.2736318407960199
1.2772277227722773
1.2758620689655173
1.2745098039215685
1.273170731707317
1.2718446601941749
1.2718446601941749
1.2753623188405796
1.2740384615384615
1.2727272727272727
1.2714285714285714
1.2701421800947867
1.2701421800947867
1.2735849056603774
1.2735849056603774
1.2769953051643192
1.2757009345794392
1.2744186046511627
1.2731481481481481
1.271889400921659
1.271889400921659
1.275229357798165
1.273972602739726
1.2727272727272727
1.2727272727272727
1.2760180995475112
1.2760180995475112
1.2792792792792793
1.2780269058295963
1.2767857142857142
1.2755555555555556
1.2743362831858407
1.2731277533039647
1.2719298245614035
1.2707423580786026
1.2695652173913043
1.2695652173913043
1.2727272727272727
1.271551724137931
1.2703862660944205
1.2692307692307692
1.2680851063829788
1.2669491525423728
1.2658227848101267
1.2647058823529411
1.2635983263598327
1.2625
1.2614107883817427
1.2603305785123966
1.2592592592592593
1.2592592592592593
1.2622950819672132
1.2612244897959184
1.2601626016260163
1.2601626016260163
1.263157894736842
1.263157894736842
1.2661290322580645
1.2650602409638554
1.264
1.264
1.2669322709163346
1.2658730158730158
1.2648221343873518
1.263779527559055
1.2627450980392156
1.26171875
1.2607003891050583
1.2596899224806202
1.2586872586872586
1.2576923076923077
1.2567049808429118
1.2557251908396947
1.2547528517110267
1.2547528517110267
1.2575757575757576
1.2566037735849056
1.255639097744361
1.2546816479400749
1.2537313432835822
1.2537313432835822
1.2565055762081785
1.2555555555555555
1.2546125461254614
1.2536764705882353
1.2527472527472527
1.2518248175182483
1.250909090909091
1.25
1.2490974729241877
1.2490974729241877
1.2517985611510791
1.2517985611510791
1.2544802867383513
1.2535714285714286
1.2526690391459074
1.2526690391459074
1.2553191489361701
1.254416961130742
1.2535211267605635
1.2526315789473683
1.2517482517482517
1.2517482517482517
1.254355400696864
1.2534722222222223
1.2525951557093427
1.2517241379310344
1.2508591065292096
1.25
1.2491467576791808
1.2491467576791808
1.251700680272109
1.2508474576271187
1.25
1.2491582491582491
1.2483221476510067
1.2483221476510067
1.2508361204013378
1.25
1.2491694352159468
1.2483443708609272
1.2475247524752475
1.2475247524752475
1.25
1.2491803278688525
1.2483660130718954
1.2483660130718954
1.250814332247557
1.25
1.249190938511327
1.2483870967741935
1.247588424437299
1.247588424437299
1.25
1.2492012779552715
1.2484076433121019
1.2476190476190476
1.2468354430379747
1.2460567823343849
1.2452830188679245
1.2452830188679245
1.2476489028213167
1.246875
1.2461059190031152
1.2461059190031152
1.2484472049689441
1.2476780185758514
1.2469135802469136
1.2461538461538462
1.2453987730061349
1.2446483180428134
1.2439024390243902
1.2439024390243902
1.2462006079027355
1.2454545454545454
1.244712990936556
1.2439759036144578
1.2432432432432432
1.2425149700598803
1.2417910447761193
1.2410714285714286
1.2403560830860534
1.2403560830860534
1.242603550295858
1.242603550295858
1.2448377581120944
1.2441176470588236
1.2434017595307918
1.2426900584795322
1.2419825072886297
1.2412790697674418
1.2405797101449276
1.239884393063584
1.239193083573487
1.239193083573487
1.2413793103448276
1.2413793103448276
1.2435530085959885
1.2428571428571429
1.2421652421652423
1.2414772727272727
1.2407932011331444
1.2407932011331444
1.2429378531073447
1.2422535211267605
1.2415730337078652
1.2415730337078652
1.2436974789915967
1.2430167597765363
1.2423398328690807
1.2416666666666667
1.2409972299168974
1.2409972299168974
1.2430939226519337
1.2424242424242424
1.2417582417582418
1.2410958904109588
1.2404371584699454
1.2397820163487738
1.2391304347826086
1.2391304347826086
1.2411924119241193
1.2405405405405405
1.2398921832884098
1.2398921832884098
1.2419354838709677
1.2419354838709677
1.2439678284182305
1.2433155080213905
1.2426666666666666
1.2426666666666666
1.2446808510638299
1.2440318302387268
1.2433862433862435
1.2427440633245384
1.2421052631578948
1.2414698162729658
1.2408376963350785
1.2402088772845954
1.2395833333333333
1.238961038961039
1.238341968911917
1.238341968911917
1.2403100775193798
1.2396907216494846
1.2390745501285347
1.2384615384615385
1.237851662404092
1.2372448979591837
1.2366412213740459
1.2366412213740459
1.2385786802030456
1.2379746835443037
1.2373737373737375
1.2373737373737375
1.2392947103274559
1.2386934673366834
1.2380952380952381
1.2375
1.2369077306733167
1.236318407960199
1.2357320099255582
1.2357320099255582
1.2376237623762376
1.237037037037037
1.2364532019704433
1.2364532019704433
1.2383292383292384
1.2377450980392157
1.2371638141809291
1.2365853658536585
1.2360097323600974
1.2360097323600974
1.2378640776699028
1.2372881355932204
1.2367149758454106
1.236144578313253
1.2355769230769231
1.235011990407674
1.2344497607655502
1.233890214797136
1.2333333333333334
1.2327790973871735
1.2322274881516588
1.2322274881516588
1.2340425531914894
1.2340425531914894
1.2358490566037736
1.2352941176470589
1.2347417840375587
1.234192037470726
1.233644859813084
1.2331002331002332
1.2325581395348837
1.2320185614849188
1.2314814814814814
1.2309468822170901
1.2304147465437787
1.2298850574712643
1.2293577981651376
1.22883295194508
1.2283105022831051
1.2277904328018223
1.2272727272727273
1.2272727272727273
1.2290249433106577
1.2285067873303168
1.2279909706546275
1.2274774774774775
1.2269662921348314
1.2269662921348314
1.2286995515695067
1.2281879194630871
1.2276785714285714
1.2271714922048997
1.2266666666666666
1.2261640798226163
1.2256637168141593
1.2251655629139073
1.224669603524229
1.224669603524229
1.2263736263736265
1.2258771929824561
1.225382932166302
1.224890829694323
1.224400871459695
1.224400871459695
1.2260869565217392
1.2255965292841648
1.225108225108225
1.224622030237581
1.2241379310344827
1.2241379310344827
1.2258064516129032
1.2258064516129032
1.2274678111587982
1.2269807280513918
1.2264957264957266
1.2260127931769722
1.225531914893617
1.225531914893617
1.227176220806794
1.2266949152542372
1.2262156448202959
1.2257383966244726
1.2252631578947368
1.2247899159663866
1.2243186582809225
1.2238493723849373
1.2233820459290188
1.2233820459290188
1.225
1.2245322245322245
1.2240663900414939
1.2236024844720497
1.2231404958677685
1.2231404958677685
1.2247422680412372
1.2242798353909465
1.2238193018480492
1.223360655737705
1.2229038854805725
1.2229038854805725
1.2244897959183674
1.2244897959183674
1.2260692464358451
1.225609756097561
1.2251521298174441
1.2246963562753037
1.2242424242424241
1.2242424242424241
1.2258064516129032
1.2253521126760563
1.2248995983935742
1.2244488977955912
1.224
1.224
1.2255489021956087
1.2250996015936255
1.2246520874751492
1.2246520874751492
1.2261904761904763
1.2261904761904763
1.2277227722772277
1.2272727272727273
1.2268244575936884
1.2263779527559056
1.2259332023575638
1.2254901960784315
1.2250489236790607
1.224609375
1.2241715399610136
1.2237354085603114
1.2233009708737863
1.2233009708737863
1.2248062015503876
1.2243713733075434
1.223938223938224
1.2235067437379576
1.2230769230769232
1.2226487523992322
1.2222222222222223
1.2217973231357553
1.2213740458015268
1.2213740458015268
1.2228571428571429
1.2228571428571429
1.2243346007604563
1.223908918406072
1.2234848484848484
1.2234848484848484
1.2249527410207939
1.2245283018867925
1.2241054613935969
1.2236842105263157
1.2232645403377111
1.2232645403377111
1.2247191011235956
1.2242990654205608
1.2238805970149254
1.223463687150838
1.2230483271375465
1.2230483271375465
1.2244897959183674
1.2244897959183674
1.2259259259259259
1.2255083179297597
1.2250922509225093
1.2246777163904237
1.224264705882353
1.2238532110091742
1.2234432234432235
1.223034734917733
1.2226277372262773
1.2222222222222223
1.221818181818182
1.221818181818182
1.2232304900181488
1.2228260869565217
1.2224231464737794
1.2224231464737794
1.2238267148014441
1.2234234234234234
1.223021582733813
1.2226211849192101
1.2222222222222223
1.2222222222222223
1.223613595706619
1.2232142857142858
1.2228163992869876
1.2224199288256228
1.22202486678508
1.2216312056737588
1.2212389380530972
1.2212389380530972
1.2226148409893993
1.2222222222222223
1.221830985915493
1.2214411247803163
1.2210526315789474
1.2206654991243433
1.2202797202797202
1.219895287958115
1.2195121951219512
1.2195121951219512
1.2208695652173913
1.2204861111111112
1.220103986135182
1.2197231833910034
1.2193436960276338
1.2189655172413794
1.2185886402753872
1.2185886402753872
1.2199312714776633
1.2195540308747856
1.2191780821917808
1.218803418803419
1.2184300341296928
1.2180579216354344
1.217687074829932
1.2173174872665535
1.2169491525423728
1.2169491525423728
1.218274111675127
1.2179054054054055
1.2175379426644182
1.2171717171717171
1.2168067226890755
1.2164429530201342
1.2160804020100502
1.2160804020100502
1.2173913043478262
1.2170283806343907
1.2166666666666666
1.21630615640599
1.2159468438538206
1.2159468438538206
1.2172470978441128
1.216887417218543
1.2165289256198346
1.216171617161716
1.2158154859967052
1.2158154859967052
1.2171052631578947
1.2167487684729064
1.2163934426229508
1.2163934426229508
1.2176759410801965
1.2173202614379084
1.2169657422512234
1.216612377850163
1.216260162601626
1.2159090909090908
1.2155591572123177
1.2155591572123177
1.2168284789644013
1.2164781906300484
1.2161290322580645
1.2157809983896941
1.2154340836012862
1.2154340836012862
1.21669341894061
1.2163461538461537
1.216
1.216
1.2172523961661341
1.2169059011164274
1.21656050955414
1.2162162162162162
1.2158730158730158
1.2155309033280508
1.2151898734177216
1.2151898734177216
1.216429699842022
1.2160883280757098
1.215748031496063
1.215748031496063
1.2169811320754718
1.2166405023547882
1.2163009404388714
1.215962441314554
1.215625
1.2152886115444619
1.2149532710280373
1.2146189735614308
1.2142857142857142
1.213953488372093
1.2136222910216719
1.213292117465224
1.212962962962963
1.212962962962963
1.214175654853621
1.2138461538461538
1.2135176651305684
1.2131901840490797
1.212863705972435
1.2125382262996942
1.2122137404580153
1.211890243902439
1.2115677321156773
1.2115677321156773
1.2127659574468086
1.212443095599393
1.2121212121212122
1.2118003025718609
1.2114803625377644
1.2111613876319758
1.2108433734939759
1.2105263157894737
1.2102102102102101
1.209895052473763
1.2095808383233533
1.2095808383233533
1.210762331838565
1.210762331838565
1.2119402985074628
1.2116244411326378
1.2113095238095237
1.2109955423476968
1.2106824925816024
1.2103703703703703
1.2100591715976332
1.2097488921713442
1.2094395280235988
1.2094395280235988
1.21060382916053
1.21060382916053
1.2117647058823529
1.2114537444933922
1.2111436950146628
1.2111436950146628
1.212298682284041
1.212298682284041
1.213450292397661
1.2131386861313869
1.2128279883381925
1.212518195050946
1.2122093023255813
1.211901306240929
1.2115942028985507
1.211287988422576
1.2109826589595376
1.2109826589595376
1.2121212121212122
1.2118155619596542
1.2115107913669065
1.2112068965517242
1.2109038737446198
1.2106017191977076
1.2103004291845494
1.21
1.2097004279600572
1.2094017094017093
1.209103840682788
1.2088068181818181
1.2085106382978723
1.2085106382978723
1.2096317280453257
1.2093352192362092
1.2090395480225988
1.2090395480225988
1.2101551480959096
1.2101551480959096
1.2112676056338028
1.2109704641350212
1.2106741573033708
1.2106741573033708
1.211781206171108
1.211484593837535
1.2111888111888112
1.2108938547486034
1.2105997210599722
1.2103064066852367
1.2100139082058414
1.2097222222222221
1.2094313453536754
1.209141274238227
1.2088520055325034
1.2085635359116023
1.2082758620689655
1.2082758620689655
1.209366391184573
1.2090784044016507
1.2087912087912087
1.2087912087912087
1.2098765432098766
1.2098765432098766
1.210958904109589
1.2106703146374829
1.210382513661202
1.210382513661202
1.2114597544338335
1.2111716621253406
1.2108843537414966
1.2105978260869565
1.2103120759837178
1.2100271002710028
1.2097428958051422
1.2094594594594594
1.2091767881241566
1.2088948787061995
1.208613728129206
1.2083333333333333
1.2080536912751678
1.207774798927614
1.2074966532797857
1.2072192513368984
1.2069425901201603
1.2066666666666668
1.2063914780292944
1.2063914780292944
1.2074468085106382
1.207171314741036
1.206896551724138
1.206896551724138
1.2079470198675497
1.2076719576719577
1.2073976221928666
1.2071240105540897
1.2068511198945981
1.206578947368421
1.2063074901445467
1.2063074901445467
1.2073490813648293
1.2070773263433814
1.206806282722513
1.2065359477124182
1.206266318537859
1.2059973924380705
1.2057291666666667
1.2054616384915475
1.2051948051948052
1.2051948051948052
1.206225680933852
1.205958549222798
1.2056921086675292
1.2054263565891472
1.2051612903225806
1.2048969072164948
1.2046332046332047
1.2046332046332047
1.205655526992288
1.2053915275994864
1.205128205128205
1.205128205128205
1.206145966709347
1.2058823529411764
1.2056194125159643
1.2053571428571428
1.2050955414012738
1.2050955414012738
1.2061068702290076
1.2058449809402796
1.2055837563451777
1.2053231939163498
1.2050632911392405
1.2050632911392405
1.2060682680151706
1.2058080808080809
1.205548549810845
1.2052896725440807
1.2050314465408805
1.2047738693467336
1.2045169385194479
1.2042606516290726
1.2040050062578223
1.20375
1.2034956304619226
1.2032418952618453
1.2029887920298878
1.2029887920298878
1.2039800995024876
1.2037267080745342
1.2034739454094292
1.2034739454094292
1.204460966542751
1.2042079207920793
1.203955500618047
1.2037037037037037
1.2034525277435264
1.2034525277435264
1.2044334975369457
1.204182041820418
1.203931203931204
1.203680981595092
1.2034313725490196
1.2034313725490196
1.204406364749082
1.2041564792176038
1.2039072039072038
1.2036585365853658
1.2034104750304506
1.20316301703163
1.2029161603888214
1.2029161603888214
1.203883495145631
1.2036363636363636
1.2033898305084745
1.203143893591294
1.2028985507246377
1.2028985507246377
1.203860072376357
